
8c163600,06001000,01008002,10000000,
04002081,00000000,00000000,00000000,
00000000,00000000,00000000,3b1a3a21,
00002881,40000000,00000000,ff010000,
0150c2ff,00000000,00000000,00000000,
05708401,00000000,00000000,00000000,
00000000,00000000,00000000,00000000,
10000200,c08d9005,10201900,116c0300,
43001110,00000000,00000000,00000000,
00000000,10000000,00000000,02000000,
00000000,00000000,00000000,00000000,
00000000,00000000,00000000,00000000,
00000000,00000000,00000000,00000000,
00000000,00000000,00000000,00000000,
00000000,00000000,00000000,00000000,
00000000,00000000,00000000,00000000,

01000114,00000000,00000000,30204600,
00000000,00200000,00000000,00000000,
00000000,00000000,00000000,00000000,
00000000,00000000,00000000,00000000,
02000116,00000000,00000000,00000000,
00000000,ff000080,00000000,00000000,
03000100,00000000,00000000,00000000,
00000000,00000000,00000000,00000000,
00000000,00000000,00000000,00000000,
00000000,00000000,00000000,00000000,
00000000,00000000,00000000,00000000,
00000000,00000000,00000000,00000000,
00000000,00000000,00000000,00000000,
00000000,00000000,00000000,00000000,
00000000,00000000,00000000,00000000,
00000000,00000000,00000000,00000000,

00000000,00000000,00000000,00000000,
00000000,00000000,00000000,00000000,
00000000,00000000,00000000,00000000,
00000000,00000000,00000000,00000000,
00000000,00000000,00000000,00000000,
00000000,00000000,00000000,00000000,
00000000,00000000,00000000,00000000,
00000000,00000000,00000000,00000000,
00000000,00000000,00000000,00000000,
00000000,00000000,00000000,00000000,
00000000,00000000,00000000,00000000,
00000000,00000000,00000000,00000000,
00000000,00000000,00000000,00000000,
00000000,00000000,00000000,00000000,
00000000,00000000,00000000,00000000,
00000000,00000000,00000000,00000000,

00000000,00000000,00000000,00000000,
00000000,00000000,00000000,00000000,
00000000,00000000,00000000,00000000,
00000000,00000000,00000000,00000000,
00000000,00000000,00000000,00000000,
00000000,00000000,00000000,00000000,
00000000,00000000,00000000,00000000,
00000000,00000000,00000000,00000000,
00000000,00000000,00000000,00000000,
00000000,00000000,00000000,00000000,
00000000,00000000,00000000,00000000,
00000000,00000000,00000000,00000000,
00000000,00000000,00000000,00000000,
00000000,00000000,00000000,00000000,
00000000,00000000,00000000,00000000,
00000000,00000000,00000000,00000000,

00000000,00000000,00000000,00000000,
00000000,00000000,00000000,00000000,
00000000,00000000,00000000,00000000,
00000000,00000000,00000000,00000000,
00000000,00000000,00000000,00000000,
00000000,00000000,00000000,00000000,
00000000,00000000,00000000,00000000,
00000000,00000000,00000000,00000000,
00000000,00000000,00000000,00000000,
00000000,00000000,00000000,00000000,
00000000,00000000,00000000,00000000,
00000000,00000000,00000000,00000000,
00000000,00000000,00000000,00000000,
00000000,00000000,00000000,00000000,
00000000,00000000,00000000,00000000,
00000000,00000000,00000000,00000000,

00000000,00000000,00000000,00000000,
00000000,00000000,00000000,00000000,
00000000,00000000,00000000,00000000,
00000000,00000000,00000000,00000000,
00000000,00000000,00000000,00000000,
00000000,00000000,00000000,00000000,
00000000,00000000,00000000,00000000,
00000000,00000000,00000000,00000000,
00000000,00000000,00000000,00000000,
00000000,00000000,00000000,00000000,
00000000,00000000,00000000,00000000,
00000000,00000000,00000000,00000000,
00000000,00000000,00000000,00000000,
00000000,00000000,00000000,00000000,
00000000,00000000,00000000,00000000,
00000000,00000000,00000000,00000000,

00000000,00000000,00000000,00000000,
00000000,00000000,00000000,00000000,
00000000,00000000,00000000,00000000,
00000000,00000000,00000000,00000000,
00000000,00000000,00000000,00000000,
00000000,00000000,00000000,00000000,
00000000,00000000,00000000,00000000,
00000000,00000000,00000000,00000000,
00000000,00000000,00000000,00000000,
00000000,00000000,00000000,00000000,
00000000,00000000,00000000,00000000,
00000000,00000000,00000000,00000000,
00000000,00000000,00000000,00000000,
00000000,00000000,00000000,00000000,
00000000,00000000,00000000,00000000,
00000000,00000000,00000000,00000000,

76006301,ffffffff,04000007,013f5f17,
20010100,00000000,01800000,80020000,
00000000,00000000,515c0300,10000008,
30c00000,01800000,ffff0f00,01000000,
0f000000,0f000000,08402000,03402000,
00008000,00000000,00000000,00000000,
00000000,00000000,00000000,00000000,
00000000,00000000,00000000,00000000,
00000000,00000000,00000000,00000000,
00000000,00000000,00000000,00000000,
00000000,00000000,00000000,00000000,
00000000,00000000,00000000,00000000,
00000000,00000000,00000000,00000000,
00000000,00000000,00000000,00000000,
00000000,00000000,00000000,00000000,
00000000,00000000,00000000,00000000,

00000000,00000000,00000000,00010000,
ffffffff,00000000,00000000,00000000,
00000000,00000000,00000000,00000000,
00000000,00000000,00000000,00000000,
00000000,00000000,00000000,00000000,
00000000,00000000,00000000,00000000,
00000000,00000000,00000000,00000000,
00000000,00000000,00000000,00000000,
00000000,00000000,00000000,00000000,
00000000,00000000,00000000,00000000,
00000000,00000000,00000000,00000000,
00000000,00000000,00000000,00000000,
00000000,00000000,00000000,00000000,
00000000,00000000,00000000,00000000,
00000000,00000000,00000000,00000000,
00000000,00000000,00000000,00000000,

00000000,00000000,00000000,00000000,
00000000,00000000,00000000,00000000,
00000000,00000000,00000000,00000000,
00000000,00000000,00000000,00000000,
00000000,00000000,00000000,00000000,
00000000,00000000,00000000,00000000,
00000000,00000000,00000000,00000000,
00000000,00000000,00000000,00000000,
00000000,00000000,00000000,00000000,
00000000,00000000,00000000,00000000,
00000000,00000000,00000000,00000000,
00000000,00000000,00000000,00000000,
00000000,00000000,00000000,00000000,
00000000,00000000,00000000,00000000,
00000000,00000000,00000000,00000000,
00000000,00000000,00000000,00000000,

00000000,00000000,00000000,00000000,
00000000,00000000,00000000,00000000,
00000000,00000000,00000000,00000000,
00000000,00000000,00000000,00000000,
00000000,00000000,00000000,00000000,
00000000,00000000,00000000,00000000,
00000000,00000000,00000000,00000000,
00000000,00000000,00000000,00000000,
00000000,00000000,00000000,00000000,
00000000,00000000,00000000,00000000,
00000000,00000000,00000000,00000000,
00000000,00000000,00000000,00000000,
00000000,00000000,00000000,00000000,
00000000,00000000,00000000,00000000,
00000000,00000000,00000000,00000000,
00000000,00000000,00000000,00000000,

00000000,00000000,00000000,00000000,
00000000,00000000,00000000,00000000,
00000000,00000000,00000000,00000000,
00000000,00000000,00000000,00000000,
00000000,00000000,00000000,00000000,
00000000,00000000,00000000,00000000,
00000000,00000000,00000000,00000000,
00000000,00000000,00000000,00000000,
00000000,00000000,00000000,00000000,
00000000,00000000,00000000,00000000,
00000000,00000000,00000000,00000000,
00000000,00000000,00000000,00000000,
00000000,00000000,00000000,00000000,
00000000,00000000,00000000,00000000,
00000000,00000000,00000000,00000000,
00000000,00000000,00000000,00000000,

00000000,00000000,00000000,00000000,
00000000,00000000,00000000,00000000,
00000000,00000000,00000000,00000000,
00000000,00000000,00000000,00000000,
00000000,00000000,00000000,00000000,
00000000,00000000,00000000,00000000,
00000000,00000000,00000000,00000000,
00000000,00000000,00000000,00000000,
00000000,00000000,00000000,00000000,
00000000,00000000,00000000,00000000,
00000000,00000000,00000000,00000000,
00000000,00000000,00000000,00000000,
00000000,00000000,00000000,00000000,
00000000,00000000,00000000,00000000,
00000000,00000000,00000000,00000000,
00000000,00000000,00000000,00000000,

00000000,00000000,00000000,00000000,
00000000,00000000,00000000,00000000,
00000000,00000000,00000000,00000000,
00000000,00000000,00000000,00000000,
00000000,00000000,00000000,00000000,
00000000,00000000,00000000,00000000,
00000000,00000000,00000000,00000000,
00000000,00000000,00000000,00000000,
00000000,00000000,00000000,00000000,
00000000,00000000,00000000,00000000,
00000000,00000000,00000000,00000000,
00000000,00000000,00000000,00000000,
00000000,00000000,00000000,00000000,
00000000,00000000,00000000,00000000,
00000000,00000000,00000000,00000000,
00000000,00000000,00000000,00000000,

00000000,00000000,00000000,00000000,
00000000,00000000,00000000,00000000,
00000000,00000000,00000000,00000000,
00000000,00000000,00000000,00000000,
00000000,00000000,00000000,00000000,
00000000,00000000,00000000,00000000,
00000000,00000000,00000000,00000000,
00000000,00000000,00000000,00000000,
00000000,00000000,00000000,00000000,
00000000,00000000,00000000,00000000,
00000000,00000000,00000000,00000000,
00000000,00000000,00000000,00000000,
00000000,00000000,00000000,00000000,
00000000,00000000,00000000,00000000,
00000000,00000000,00000000,00000000,
00000000,00000000,00000000,00000000,

00000000,00000000,00000000,00000000,
00000000,00000000,00000000,00000000,
00000000,00000000,00000000,00000000,
00000000,00000000,00000000,00000000,
00000000,00000000,00000000,00000000,
00000000,00000000,00000000,00000000,
00000000,00000000,00000000,00000000,
00000000,00000000,00000000,00000000,
00000000,00000000,00000000,00000000,
00000000,00000000,00000000,00000000,
00000000,00000000,00000000,00000000,
00000000,00000000,00000000,00000000,
00000000,00000000,00000000,00000000,
00000000,00000000,00000000,00000000,
00000000,00000000,00000000,00000000,
00000000,00000000,00000000,00000000,

,
,
